region,Beauty,Electronics,Fashion,Food,Home,Total
Busan,147060480.95,151336951.85,159123568.05,141603872.1,149434070.33,748558943.28
Daegu,136358433.45,155972384.4,165603375.2,163611768.55,155076518.1,776622479.7
Gwangju,152944027.45,172317490.15,161523852.75,160460528.05,146607996.27,793853894.67
Incheon,175854191.5,143995492.9,147559208.95,153837055.65,148899299.47,770145248.47
Seoul,168267551.1,135182390.5,124095975.05,164943263.45,150440594.02,742929774.12
Unknown,45769107.75,45543742.85,55549958.15,54818678.0,56044777.35,257726264.1
Total,826253792.2,804348452.65,813455938.15,839275165.8,806503255.54,4089836604.34
